import os
import numpy as np
import tensorflow as tf
from PIL import Image
import scipy

## Num. 1
def Gaussian_filtering(inp, kernel=5, sigma=1, name='Attack_1'):
    if ((kernel==3)&(sigma==0.5)):
        with tf.variable_scope(name, reuse=True):
            pad = tf.constant([[0, 0], [1, 1], [1, 1], [0, 0]])
            inp = tf.pad(inp, pad, "SYMMETRIC")
            w = tf.constant([[[[0.024879]], [[0.107973]], [[0.024879]]], 
                             [[[0.107973]], [[0.468592]], [[0.107973]]], 
                             [[[0.024879]], [[0.107973]], [[0.024879]]]], dtype=tf.float32)
            net = tf.nn.conv2d(inp, w, strides=[1, 1, 1, 1], padding='VALID')
        return net
    elif ((kernel==5)&(sigma==1)):
        with tf.variable_scope(name, reuse=True):
            pad = tf.constant([[0, 0], [2, 2], [2, 2], [0, 0]])
            inp = tf.pad(inp, pad, "SYMMETRIC")
            w = tf.constant([[[[0.003765]], [[0.015019]], [[0.023792]], [[0.015019]], [[0.003765]]],
                             [[[0.015019]], [[0.059912]], [[0.094907]], [[0.059912]], [[0.015019]]],
                             [[[0.023792]], [[0.094907]], [[0.150342]], [[0.094907]], [[0.023792]]], 
                             [[[0.015019]], [[0.059912]], [[0.094907]], [[0.059912]], [[0.015019]]], 
                             [[[0.003765]], [[0.015019]], [[0.023792]], [[0.015019]], [[0.003765]]]], dtype=tf.float32)
            net = tf.nn.conv2d(inp, w, strides=[1, 1, 1, 1], padding='VALID')
        return net
    elif ((kernel==7)&(sigma==1.5)):
        with tf.variable_scope(name, reuse=True):
            pad = tf.constant([[0, 0], [3, 3], [3, 3], [0, 0]])
            inp = tf.pad(inp, pad, "SYMMETRIC")
            w = tf.constant([[[[0.001500]], [[0.004380]], [[0.008328]], [[0.010317]], [[0.008328]], [[0.004380]], [[0.001500]]],
                             [[[0.004380]], [[0.012788]], [[0.024314]], [[0.030120]], [[0.024314]], [[0.012788]], [[0.004380]]],
                             [[[0.008328]], [[0.024314]], [[0.046228]], [[0.057266]], [[0.046228]], [[0.024314]], [[0.008328]]], 
                             [[[0.010317]], [[0.030120]], [[0.057266]], [[0.070940]], [[0.057266]], [[0.030120]], [[0.010317]]],
                             [[[0.008328]], [[0.024314]], [[0.046228]], [[0.057266]], [[0.046228]], [[0.024314]], [[0.008328]]], 
                             [[[0.004380]], [[0.012788]], [[0.024314]], [[0.030120]], [[0.024314]], [[0.012788]], [[0.004380]]], 
                             [[[0.001500]], [[0.004380]], [[0.008328]], [[0.010317]], [[0.008328]], [[0.004380]], [[0.001500]]]], dtype=tf.float32)
            net = tf.nn.conv2d(inp, w, strides=[1, 1, 1, 1], padding='VALID')
        return net
    elif ((kernel==9)&(sigma==2)):
        with tf.variable_scope(name, reuse=True):
            pad = tf.constant([[0, 0], [4, 4], [4, 4], [0, 0]])
            inp = tf.pad(inp, pad, "SYMMETRIC")
            w = tf.constant([[[[0.000814]], [[0.001918]], [[0.003538]], [[0.005108]], [[0.005774]], [[0.005108]], [[0.003538]], [[0.001918]], [[0.000814]]],
                             [[[0.001918]], [[0.004520]], [[0.008338]], [[0.012038]], [[0.013605]], [[0.012038]], [[0.008338]], [[0.004520]], [[0.001918]]],
                             [[[0.003538]], [[0.008338]], [[0.015378]], [[0.022203]], [[0.025094]], [[0.022203]], [[0.015378]], [[0.008338]], [[0.003538]]], 
                             [[[0.005108]], [[0.012038]], [[0.022203]], [[0.032057]], [[0.036231]], [[0.032057]], [[0.022203]], [[0.012038]], [[0.005108]]],
                             [[[0.005774]], [[0.013605]], [[0.025094]], [[0.036231]], [[0.040950]], [[0.036231]], [[0.025094]], [[0.013605]], [[0.005774]]], 
                             [[[0.005108]], [[0.012038]], [[0.022203]], [[0.032057]], [[0.036231]], [[0.032057]], [[0.022203]], [[0.012038]], [[0.005108]]],
                             [[[0.003538]], [[0.008338]], [[0.015378]], [[0.022203]], [[0.025094]], [[0.022203]], [[0.015378]], [[0.008338]], [[0.003538]]], 
                             [[[0.001918]], [[0.004520]], [[0.008338]], [[0.012038]], [[0.013605]], [[0.012038]], [[0.008338]], [[0.004520]], [[0.001918]]], 
                             [[[0.000814]], [[0.001918]], [[0.003538]], [[0.005108]], [[0.005774]], [[0.005108]], [[0.003538]], [[0.001918]], [[0.000814]]]], dtype=tf.float32)
            net = tf.nn.conv2d(inp, w, strides=[1, 1, 1, 1], padding='VALID')
        return net
    elif ((kernel==11)&(sigma==2.5)):
        with tf.variable_scope(name, reuse=True):
            pad = tf.constant([[0, 0], [5, 5], [5, 5], [0, 0]])
            inp = tf.pad(inp, pad, "SYMMETRIC")
            w = tf.constant([[[[0.000513]], [[0.001045]], [[0.001815]], [[0.002694]], [[0.003414]], [[0.003694]], [[0.003414]], [[0.002694]], [[0.001815]], [[0.001045]], [[0.000513]]],
                             [[[0.001045]], [[0.002126]], [[0.003694]], [[0.005482]], [[0.006947]], [[0.007518]], [[0.006947]], [[0.005482]], [[0.003694]], [[0.002126]], [[0.001045]]],
                             [[[0.001815]], [[0.003694]], [[0.00642 ]], [[0.009527]], [[0.012073]], [[0.013065]], [[0.012073]], [[0.009527]], [[0.00642 ]], [[0.003694]], [[0.001815]]],
                             [[[0.002694]], [[0.005482]], [[0.009527]], [[0.014138]], [[0.017916]], [[0.019388]], [[0.017916]], [[0.014138]], [[0.009527]], [[0.005482]], [[0.002694]]],
                             [[[0.003414]], [[0.006947]], [[0.012073]], [[0.017916]], [[0.022704]], [[0.024568]], [[0.022704]], [[0.017916]], [[0.012073]], [[0.006947]], [[0.003414]]],
                             [[[0.003694]], [[0.007518]], [[0.013065]], [[0.019388]], [[0.024568]], [[0.026586]], [[0.024568]], [[0.019388]], [[0.013065]], [[0.007518]], [[0.003694]]],
                             [[[0.003414]], [[0.006947]], [[0.012073]], [[0.017916]], [[0.022704]], [[0.024568]], [[0.022704]], [[0.017916]], [[0.012073]], [[0.006947]], [[0.003414]]],
                             [[[0.002694]], [[0.005482]], [[0.009527]], [[0.014138]], [[0.017916]], [[0.019388]], [[0.017916]], [[0.014138]], [[0.009527]], [[0.005482]], [[0.002694]]],
                             [[[0.001815]], [[0.003694]], [[0.00642 ]], [[0.009527]], [[0.012073]], [[0.013065]], [[0.012073]], [[0.009527]], [[0.00642 ]], [[0.003694]], [[0.001815]]],
                             [[[0.001045]], [[0.002126]], [[0.003694]], [[0.005482]], [[0.006947]], [[0.007518]], [[0.006947]], [[0.005482]], [[0.003694]], [[0.002126]], [[0.001045]]],
                             [[[0.000513]], [[0.001045]], [[0.001815]], [[0.002694]], [[0.003414]], [[0.003694]], [[0.003414]], [[0.002694]], [[0.001815]], [[0.001045]], [[0.000513]]]], dtype=tf.float32)
            net = tf.nn.conv2d(inp, w, strides=[1, 1, 1, 1], padding='VALID')
        return net
    elif ((kernel==13)&(sigma==3)):
        with tf.variable_scope(name, reuse=True):
            pad = tf.constant([[0, 0], [6, 6], [6, 6], [0, 0]])
            inp = tf.pad(inp, pad, "SYMMETRIC")
            w = tf.constant([[[[0.000354]], [[0.000649]], [[0.001065]], [[0.001565]], [[0.002061]], [[0.002431]], [[0.002568]], [[0.002431]], [[0.002061]], [[0.001565]], [[0.001065]], [[0.000649]], [[0.000354]]],
                             [[[0.000649]], [[0.001188]], [[0.001950]], [[0.002867]], [[0.003776]], [[0.004454]], [[0.004706]], [[0.004454]], [[0.003776]], [[0.002867]], [[0.001950]], [[0.001188]], [[0.000649]]],
                             [[[0.001065]], [[0.001950]], [[0.003201]], [[0.004706]], [[0.006196]], [[0.007309]], [[0.007723]], [[0.007309]], [[0.006196]], [[0.004706]], [[0.003201]], [[0.001950]], [[0.001065]]],
                             [[[0.001565]], [[0.002867]], [[0.004706]], [[0.006918]], [[0.009109]], [[0.010745]], [[0.011353]], [[0.010745]], [[0.009109]], [[0.006918]], [[0.004706]], [[0.002867]], [[0.001565]]],
                             [[[0.002061]], [[0.003776]], [[0.006196]], [[0.009109]], [[0.011995]], [[0.014149]], [[0.014950]], [[0.014149]], [[0.011995]], [[0.009109]], [[0.006196]], [[0.003776]], [[0.002061]]],
                             [[[0.002431]], [[0.004454]], [[0.007309]], [[0.010745]], [[0.014149]], [[0.016690]], [[0.017634]], [[0.016690]], [[0.014149]], [[0.010745]], [[0.007309]], [[0.004454]], [[0.002431]]],
                             [[[0.002568]], [[0.004706]], [[0.007723]], [[0.011353]], [[0.014950]], [[0.017634]], [[0.018632]], [[0.017634]], [[0.014950]], [[0.011353]], [[0.007723]], [[0.004706]], [[0.002568]]],
                             [[[0.002431]], [[0.004454]], [[0.007309]], [[0.010745]], [[0.014149]], [[0.016690]], [[0.017634]], [[0.016690]], [[0.014149]], [[0.010745]], [[0.007309]], [[0.004454]], [[0.002431]]],
                             [[[0.002061]], [[0.003776]], [[0.006196]], [[0.009109]], [[0.011995]], [[0.014149]], [[0.014950]], [[0.014149]], [[0.011995]], [[0.009109]], [[0.006196]], [[0.003776]], [[0.002061]]],
                             [[[0.001565]], [[0.002867]], [[0.004706]], [[0.006918]], [[0.009109]], [[0.010745]], [[0.011353]], [[0.010745]], [[0.009109]], [[0.006918]], [[0.004706]], [[0.002867]], [[0.001565]]],
                             [[[0.001065]], [[0.001950]], [[0.003201]], [[0.004706]], [[0.006196]], [[0.007309]], [[0.007723]], [[0.007309]], [[0.006196]], [[0.004706]], [[0.003201]], [[0.001950]], [[0.001065]]],
                             [[[0.000649]], [[0.001188]], [[0.001950]], [[0.002867]], [[0.003776]], [[0.004454]], [[0.004706]], [[0.004454]], [[0.003776]], [[0.002867]], [[0.001950]], [[0.001188]], [[0.000649]]],
                             [[[0.000354]], [[0.000649]], [[0.001065]], [[0.001565]], [[0.002061]], [[0.002431]], [[0.002568]], [[0.002431]], [[0.002061]], [[0.001565]], [[0.001065]], [[0.000649]], [[0.000354]]]], dtype=tf.float32)
            net = tf.nn.conv2d(inp, w, strides=[1, 1, 1, 1], padding='VALID')
        return net
    elif ((kernel==15)&(sigma==3.5)):
        with tf.variable_scope(name, reuse=True):
            pad = tf.constant([[0, 0], [7, 7], [7, 7], [0, 0]])
            inp = tf.pad(inp, pad, "SYMMETRIC")
            w = tf.constant([[[[0.000259]], [[0.000439]], [[0.000686]], [[0.000988]], [[0.001312]], [[0.001607]], [[0.001815]], [[0.001890]], [[0.001815]], [[0.001607]], [[0.001312]], [[0.000988]], [[0.000686]], [[0.000439]],  [[0.000259]]],
                             [[[0.000439]], [[0.000744]], [[0.001162]], [[0.001673]], [[0.002222]], [[0.002722]], [[0.003074]], [[0.003201]], [[0.003074]], [[0.002722]], [[0.002222]], [[0.001673]], [[0.001162]], [[0.000744]],  [[0.000439]]],
                             [[[0.000686]], [[0.001162]], [[0.001815]], [[0.002614]], [[0.003471]], [[0.004251]], [[0.004801]], [[0.005000]], [[0.004801]], [[0.004251]], [[0.003471]], [[0.002614]], [[0.001815]], [[0.001162]],  [[0.000686]]],
                             [[[0.000988]], [[0.001673]], [[0.002614]], [[0.003764]], [[0.005000]], [[0.006123]], [[0.006915]], [[0.007201]], [[0.006915]], [[0.006123]], [[0.005000]], [[0.003764]], [[0.002614]], [[0.001673]],  [[0.000988]]],
                             [[[0.001312]], [[0.002222]], [[0.003471]], [[0.005000]], [[0.006640]], [[0.008132]], [[0.009184]], [[0.009564]], [[0.009184]], [[0.008132]], [[0.006640]], [[0.005000]], [[0.003471]], [[0.002222]],  [[0.001312]]],
                             [[[0.001607]], [[0.002722]], [[0.004251]], [[0.006123]], [[0.008132]], [[0.009960]], [[0.011248]], [[0.011713]], [[0.011248]], [[0.009960]], [[0.008132]], [[0.006123]], [[0.004251]], [[0.002722]],  [[0.001607]]],
                             [[[0.001815]], [[0.003074]], [[0.004801]], [[0.006915]], [[0.009184]], [[0.011248]], [[0.012702]], [[0.013228]], [[0.012702]], [[0.011248]], [[0.009184]], [[0.006915]], [[0.004801]], [[0.003074]],  [[0.001815]]],
                             [[[0.001890]], [[0.003201]], [[0.005000]], [[0.007201]], [[0.009564]], [[0.011713]], [[0.013228]], [[0.013775]], [[0.013228]], [[0.011713]], [[0.009564]], [[0.007201]], [[0.005000]], [[0.003201]],  [[0.001890]]],
                             [[[0.001815]], [[0.003074]], [[0.004801]], [[0.006915]], [[0.009184]], [[0.011248]], [[0.012702]], [[0.013228]], [[0.012702]], [[0.011248]], [[0.009184]], [[0.006915]], [[0.004801]], [[0.003074]],  [[0.001815]]],
                             [[[0.001607]], [[0.002722]], [[0.004251]], [[0.006123]], [[0.008132]], [[0.009960]], [[0.011248]], [[0.011713]], [[0.011248]], [[0.009960]], [[0.008132]], [[0.006123]], [[0.004251]], [[0.002722]],  [[0.001607]]],
                             [[[0.001312]], [[0.002222]], [[0.003471]], [[0.005000]], [[0.006640]], [[0.008132]], [[0.009184]], [[0.009564]], [[0.009184]], [[0.008132]], [[0.006640]], [[0.005000]], [[0.003471]], [[0.002222]],  [[0.001312]]],
                             [[[0.000988]], [[0.001673]], [[0.002614]], [[0.003764]], [[0.005000]], [[0.006123]], [[0.006915]], [[0.007201]], [[0.006915]], [[0.006123]], [[0.005000]], [[0.003764]], [[0.002614]], [[0.001673]],  [[0.000988]]],
                             [[[0.000686]], [[0.001162]], [[0.001815]], [[0.002614]], [[0.003471]], [[0.004251]], [[0.004801]], [[0.005000]], [[0.004801]], [[0.004251]], [[0.003471]], [[0.002614]], [[0.001815]], [[0.001162]],  [[0.000686]]],
                             [[[0.000439]], [[0.000744]], [[0.001162]], [[0.001673]], [[0.002222]], [[0.002722]], [[0.003074]], [[0.003201]], [[0.003074]], [[0.002722]], [[0.002222]], [[0.001673]], [[0.001162]], [[0.000744]],  [[0.000439]]],
                             [[[0.000259]], [[0.000439]], [[0.000686]], [[0.000988]], [[0.001312]], [[0.001607]], [[0.001815]], [[0.001890]], [[0.001815]], [[0.001607]], [[0.001312]], [[0.000988]], [[0.000686]], [[0.000439]],  [[0.000259]]]], dtype=tf.float32)
            net = tf.nn.conv2d(inp, w, strides=[1, 1, 1, 1], padding='VALID')
        return net
    elif ((kernel==17)&(sigma==4)):
        with tf.variable_scope(name, reuse=True):
            pad = tf.constant([[0, 0], [8, 8], [8, 8], [0, 0]])
            inp = tf.pad(inp, pad, "SYMMETRIC")
            w = tf.constant([[[[0.000198]], [[0.000316]], [[0.000473]], [[0.000666]], [[0.000881]], [[0.001095]], [[0.001279]], [[0.001405]], [[0.001449]], [[0.001405]], [[0.001279]], [[0.001095]], [[0.000881]], [[0.000666]], [[0.000473]], [[0.000316]],  [[0.000198]]],
                             [[[0.000316]], [[0.000504]], [[0.000754]], [[0.001062]], [[0.001405]], [[0.001746]], [[0.002040]], [[0.002239]], [[0.002310]], [[0.002239]], [[0.002040]], [[0.001746]], [[0.001405]], [[0.001062]], [[0.000754]], [[0.000504]],  [[0.000316]]],
                             [[[0.000473]], [[0.000754]], [[0.001130]], [[0.001590]], [[0.002104]], [[0.002615]], [[0.003055]], [[0.003354]], [[0.003460]], [[0.003354]], [[0.003055]], [[0.002615]], [[0.002104]], [[0.001590]], [[0.001130]], [[0.000754]],  [[0.000473]]],
                             [[[0.000666]], [[0.001062]], [[0.001590]], [[0.002239]], [[0.002962]], [[0.003682]], [[0.004301]], [[0.004722]], [[0.004871]], [[0.004722]], [[0.004301]], [[0.003682]], [[0.002962]], [[0.002239]], [[0.001590]], [[0.001062]],  [[0.000666]]],
                             [[[0.000881]], [[0.001405]], [[0.002104]], [[0.002962]], [[0.003918]], [[0.004871]], [[0.005690]], [[0.006246]], [[0.006443]], [[0.006246]], [[0.005690]], [[0.004871]], [[0.003918]], [[0.002962]], [[0.002104]], [[0.001405]],  [[0.000881]]],
                             [[[0.001095]], [[0.001746]], [[0.002615]], [[0.003682]], [[0.004871]], [[0.006055]], [[0.007073]], [[0.007764]], [[0.008010]], [[0.007764]], [[0.007073]], [[0.006055]], [[0.004871]], [[0.003682]], [[0.002615]], [[0.001746]],  [[0.001095]]],
                             [[[0.001279]], [[0.002040]], [[0.003055]], [[0.004301]], [[0.005690]], [[0.007073]], [[0.008262]], [[0.009070]], [[0.009356]], [[0.009070]], [[0.008262]], [[0.007073]], [[0.005690]], [[0.004301]], [[0.003055]], [[0.002040]],  [[0.001279]]],
                             [[[0.001405]], [[0.002239]], [[0.003354]], [[0.004722]], [[0.006246]], [[0.007764]], [[0.009070]], [[0.009957]], [[0.010271]], [[0.009957]], [[0.009070]], [[0.007764]], [[0.006246]], [[0.004722]], [[0.003354]], [[0.002239]],  [[0.001405]]],
                             [[[0.001449]], [[0.002310]], [[0.003460]], [[0.004871]], [[0.006443]], [[0.008010]], [[0.009356]], [[0.010271]], [[0.010595]], [[0.010271]], [[0.009356]], [[0.008010]], [[0.006443]], [[0.004871]], [[0.003460]], [[0.002310]],  [[0.001449]]],
                             [[[0.001405]], [[0.002239]], [[0.003354]], [[0.004722]], [[0.006246]], [[0.007764]], [[0.009070]], [[0.009957]], [[0.010271]], [[0.009957]], [[0.009070]], [[0.007764]], [[0.006246]], [[0.004722]], [[0.003354]], [[0.002239]],  [[0.001405]]],
                             [[[0.001279]], [[0.002040]], [[0.003055]], [[0.004301]], [[0.005690]], [[0.007073]], [[0.008262]], [[0.009070]], [[0.009356]], [[0.009070]], [[0.008262]], [[0.007073]], [[0.005690]], [[0.004301]], [[0.003055]], [[0.002040]],  [[0.001279]]],
                             [[[0.001095]], [[0.001746]], [[0.002615]], [[0.003682]], [[0.004871]], [[0.006055]], [[0.007073]], [[0.007764]], [[0.008010]], [[0.007764]], [[0.007073]], [[0.006055]], [[0.004871]], [[0.003682]], [[0.002615]], [[0.001746]],  [[0.001095]]],
                             [[[0.000881]], [[0.001405]], [[0.002104]], [[0.002962]], [[0.003918]], [[0.004871]], [[0.005690]], [[0.006246]], [[0.006443]], [[0.006246]], [[0.005690]], [[0.004871]], [[0.003918]], [[0.002962]], [[0.002104]], [[0.001405]],  [[0.000881]]],
                             [[[0.000666]], [[0.001062]], [[0.001590]], [[0.002239]], [[0.002962]], [[0.003682]], [[0.004301]], [[0.004722]], [[0.004871]], [[0.004722]], [[0.004301]], [[0.003682]], [[0.002962]], [[0.002239]], [[0.001590]], [[0.001062]],  [[0.000666]]],
                             [[[0.000473]], [[0.000754]], [[0.001130]], [[0.001590]], [[0.002104]], [[0.002615]], [[0.003055]], [[0.003354]], [[0.003460]], [[0.003354]], [[0.003055]], [[0.002615]], [[0.002104]], [[0.001590]], [[0.001130]], [[0.000754]],  [[0.000473]]],
                             [[[0.000316]], [[0.000504]], [[0.000754]], [[0.001062]], [[0.001405]], [[0.001746]], [[0.002040]], [[0.002239]], [[0.002310]], [[0.002239]], [[0.002040]], [[0.001746]], [[0.001405]], [[0.001062]], [[0.000754]], [[0.000504]],  [[0.000316]]],
                             [[[0.000198]], [[0.000316]], [[0.000473]], [[0.000666]], [[0.000881]], [[0.001095]], [[0.001279]], [[0.001405]], [[0.001449]], [[0.001405]], [[0.001279]], [[0.001095]], [[0.000881]], [[0.000666]], [[0.000473]], [[0.000316]],  [[0.000198]]]], dtype=tf.float32)
            net = tf.nn.conv2d(inp, w, strides=[1, 1, 1, 1], padding='VALID')
        return net

def Gaussian_filtering_test(inp, kernel=5, sigma=1, name='Attack_1'):
    if ((kernel==3)&(sigma==0.5)):
        with tf.variable_scope(name, reuse=True):
            pad = tf.constant([[0, 0], [1, 1], [1, 1], [0, 0]])
            inp = tf.pad(inp, pad, "SYMMETRIC")
            w = tf.constant([[[[0.024879]], [[0.107973]], [[0.024879]]], 
                             [[[0.107973]], [[0.468592]], [[0.107973]]], 
                             [[[0.024879]], [[0.107973]], [[0.024879]]]], dtype=tf.float32)
            net = tf.nn.conv2d(inp, w, strides=[1, 1, 1, 1], padding='VALID')
        return net
    elif ((kernel==5)&(sigma==1)):
        with tf.variable_scope(name, reuse=True):
            pad = tf.constant([[0, 0], [2, 2], [2, 2], [0, 0]])
            inp = tf.pad(inp, pad, "SYMMETRIC")
            w = tf.constant([[[[0.003765]], [[0.015019]], [[0.023792]], [[0.015019]], [[0.003765]]],
                             [[[0.015019]], [[0.059912]], [[0.094907]], [[0.059912]], [[0.015019]]],
                             [[[0.023792]], [[0.094907]], [[0.150342]], [[0.094907]], [[0.023792]]], 
                             [[[0.015019]], [[0.059912]], [[0.094907]], [[0.059912]], [[0.015019]]], 
                             [[[0.003765]], [[0.015019]], [[0.023792]], [[0.015019]], [[0.003765]]]], dtype=tf.float32)
            net = tf.nn.conv2d(inp, w, strides=[1, 1, 1, 1], padding='VALID')
        return net
    elif ((kernel==7)&(sigma==1.5)):
        with tf.variable_scope(name, reuse=True):
            pad = tf.constant([[0, 0], [3, 3], [3, 3], [0, 0]])
            inp = tf.pad(inp, pad, "SYMMETRIC")
            w = tf.constant([[[[0.001500]], [[0.004380]], [[0.008328]], [[0.010317]], [[0.008328]], [[0.004380]], [[0.001500]]],
                             [[[0.004380]], [[0.012788]], [[0.024314]], [[0.030120]], [[0.024314]], [[0.012788]], [[0.004380]]],
                             [[[0.008328]], [[0.024314]], [[0.046228]], [[0.057266]], [[0.046228]], [[0.024314]], [[0.008328]]], 
                             [[[0.010317]], [[0.030120]], [[0.057266]], [[0.070940]], [[0.057266]], [[0.030120]], [[0.010317]]],
                             [[[0.008328]], [[0.024314]], [[0.046228]], [[0.057266]], [[0.046228]], [[0.024314]], [[0.008328]]], 
                             [[[0.004380]], [[0.012788]], [[0.024314]], [[0.030120]], [[0.024314]], [[0.012788]], [[0.004380]]], 
                             [[[0.001500]], [[0.004380]], [[0.008328]], [[0.010317]], [[0.008328]], [[0.004380]], [[0.001500]]]], dtype=tf.float32)
            net = tf.nn.conv2d(inp, w, strides=[1, 1, 1, 1], padding='VALID')
        return net
    elif ((kernel==9)&(sigma==2)):
        with tf.variable_scope(name, reuse=True):
            pad = tf.constant([[0, 0], [4, 4], [4, 4], [0, 0]])
            inp = tf.pad(inp, pad, "SYMMETRIC")
            w = tf.constant([[[[0.000814]], [[0.001918]], [[0.003538]], [[0.005108]], [[0.005774]], [[0.005108]], [[0.003538]], [[0.001918]], [[0.000814]]],
                             [[[0.001918]], [[0.004520]], [[0.008338]], [[0.012038]], [[0.013605]], [[0.012038]], [[0.008338]], [[0.004520]], [[0.001918]]],
                             [[[0.003538]], [[0.008338]], [[0.015378]], [[0.022203]], [[0.025094]], [[0.022203]], [[0.015378]], [[0.008338]], [[0.003538]]], 
                             [[[0.005108]], [[0.012038]], [[0.022203]], [[0.032057]], [[0.036231]], [[0.032057]], [[0.022203]], [[0.012038]], [[0.005108]]],
                             [[[0.005774]], [[0.013605]], [[0.025094]], [[0.036231]], [[0.040950]], [[0.036231]], [[0.025094]], [[0.013605]], [[0.005774]]], 
                             [[[0.005108]], [[0.012038]], [[0.022203]], [[0.032057]], [[0.036231]], [[0.032057]], [[0.022203]], [[0.012038]], [[0.005108]]],
                             [[[0.003538]], [[0.008338]], [[0.015378]], [[0.022203]], [[0.025094]], [[0.022203]], [[0.015378]], [[0.008338]], [[0.003538]]], 
                             [[[0.001918]], [[0.004520]], [[0.008338]], [[0.012038]], [[0.013605]], [[0.012038]], [[0.008338]], [[0.004520]], [[0.001918]]], 
                             [[[0.000814]], [[0.001918]], [[0.003538]], [[0.005108]], [[0.005774]], [[0.005108]], [[0.003538]], [[0.001918]], [[0.000814]]]], dtype=tf.float32)
            net = tf.nn.conv2d(inp, w, strides=[1, 1, 1, 1], padding='VALID')
        return net
    elif ((kernel==11)&(sigma==2.5)):
        with tf.variable_scope(name, reuse=True):
            pad = tf.constant([[0, 0], [5, 5], [5, 5], [0, 0]])
            inp = tf.pad(inp, pad, "SYMMETRIC")
            w = tf.constant([[[[0.000513]], [[0.001045]], [[0.001815]], [[0.002694]], [[0.003414]], [[0.003694]], [[0.003414]], [[0.002694]], [[0.001815]], [[0.001045]], [[0.000513]]],
                             [[[0.001045]], [[0.002126]], [[0.003694]], [[0.005482]], [[0.006947]], [[0.007518]], [[0.006947]], [[0.005482]], [[0.003694]], [[0.002126]], [[0.001045]]],
                             [[[0.001815]], [[0.003694]], [[0.00642 ]], [[0.009527]], [[0.012073]], [[0.013065]], [[0.012073]], [[0.009527]], [[0.00642 ]], [[0.003694]], [[0.001815]]],
                             [[[0.002694]], [[0.005482]], [[0.009527]], [[0.014138]], [[0.017916]], [[0.019388]], [[0.017916]], [[0.014138]], [[0.009527]], [[0.005482]], [[0.002694]]],
                             [[[0.003414]], [[0.006947]], [[0.012073]], [[0.017916]], [[0.022704]], [[0.024568]], [[0.022704]], [[0.017916]], [[0.012073]], [[0.006947]], [[0.003414]]],
                             [[[0.003694]], [[0.007518]], [[0.013065]], [[0.019388]], [[0.024568]], [[0.026586]], [[0.024568]], [[0.019388]], [[0.013065]], [[0.007518]], [[0.003694]]],
                             [[[0.003414]], [[0.006947]], [[0.012073]], [[0.017916]], [[0.022704]], [[0.024568]], [[0.022704]], [[0.017916]], [[0.012073]], [[0.006947]], [[0.003414]]],
                             [[[0.002694]], [[0.005482]], [[0.009527]], [[0.014138]], [[0.017916]], [[0.019388]], [[0.017916]], [[0.014138]], [[0.009527]], [[0.005482]], [[0.002694]]],
                             [[[0.001815]], [[0.003694]], [[0.00642 ]], [[0.009527]], [[0.012073]], [[0.013065]], [[0.012073]], [[0.009527]], [[0.00642 ]], [[0.003694]], [[0.001815]]],
                             [[[0.001045]], [[0.002126]], [[0.003694]], [[0.005482]], [[0.006947]], [[0.007518]], [[0.006947]], [[0.005482]], [[0.003694]], [[0.002126]], [[0.001045]]],
                             [[[0.000513]], [[0.001045]], [[0.001815]], [[0.002694]], [[0.003414]], [[0.003694]], [[0.003414]], [[0.002694]], [[0.001815]], [[0.001045]], [[0.000513]]]], dtype=tf.float32)
            net = tf.nn.conv2d(inp, w, strides=[1, 1, 1, 1], padding='VALID')
        return net
    elif ((kernel==13)&(sigma==3)):
        with tf.variable_scope(name, reuse=True):
            pad = tf.constant([[0, 0], [6, 6], [6, 6], [0, 0]])
            inp = tf.pad(inp, pad, "SYMMETRIC")
            w = tf.constant([[[[0.000354]], [[0.000649]], [[0.001065]], [[0.001565]], [[0.002061]], [[0.002431]], [[0.002568]], [[0.002431]], [[0.002061]], [[0.001565]], [[0.001065]], [[0.000649]], [[0.000354]]],
                             [[[0.000649]], [[0.001188]], [[0.001950]], [[0.002867]], [[0.003776]], [[0.004454]], [[0.004706]], [[0.004454]], [[0.003776]], [[0.002867]], [[0.001950]], [[0.001188]], [[0.000649]]],
                             [[[0.001065]], [[0.001950]], [[0.003201]], [[0.004706]], [[0.006196]], [[0.007309]], [[0.007723]], [[0.007309]], [[0.006196]], [[0.004706]], [[0.003201]], [[0.001950]], [[0.001065]]],
                             [[[0.001565]], [[0.002867]], [[0.004706]], [[0.006918]], [[0.009109]], [[0.010745]], [[0.011353]], [[0.010745]], [[0.009109]], [[0.006918]], [[0.004706]], [[0.002867]], [[0.001565]]],
                             [[[0.002061]], [[0.003776]], [[0.006196]], [[0.009109]], [[0.011995]], [[0.014149]], [[0.014950]], [[0.014149]], [[0.011995]], [[0.009109]], [[0.006196]], [[0.003776]], [[0.002061]]],
                             [[[0.002431]], [[0.004454]], [[0.007309]], [[0.010745]], [[0.014149]], [[0.016690]], [[0.017634]], [[0.016690]], [[0.014149]], [[0.010745]], [[0.007309]], [[0.004454]], [[0.002431]]],
                             [[[0.002568]], [[0.004706]], [[0.007723]], [[0.011353]], [[0.014950]], [[0.017634]], [[0.018632]], [[0.017634]], [[0.014950]], [[0.011353]], [[0.007723]], [[0.004706]], [[0.002568]]],
                             [[[0.002431]], [[0.004454]], [[0.007309]], [[0.010745]], [[0.014149]], [[0.016690]], [[0.017634]], [[0.016690]], [[0.014149]], [[0.010745]], [[0.007309]], [[0.004454]], [[0.002431]]],
                             [[[0.002061]], [[0.003776]], [[0.006196]], [[0.009109]], [[0.011995]], [[0.014149]], [[0.014950]], [[0.014149]], [[0.011995]], [[0.009109]], [[0.006196]], [[0.003776]], [[0.002061]]],
                             [[[0.001565]], [[0.002867]], [[0.004706]], [[0.006918]], [[0.009109]], [[0.010745]], [[0.011353]], [[0.010745]], [[0.009109]], [[0.006918]], [[0.004706]], [[0.002867]], [[0.001565]]],
                             [[[0.001065]], [[0.001950]], [[0.003201]], [[0.004706]], [[0.006196]], [[0.007309]], [[0.007723]], [[0.007309]], [[0.006196]], [[0.004706]], [[0.003201]], [[0.001950]], [[0.001065]]],
                             [[[0.000649]], [[0.001188]], [[0.001950]], [[0.002867]], [[0.003776]], [[0.004454]], [[0.004706]], [[0.004454]], [[0.003776]], [[0.002867]], [[0.001950]], [[0.001188]], [[0.000649]]],
                             [[[0.000354]], [[0.000649]], [[0.001065]], [[0.001565]], [[0.002061]], [[0.002431]], [[0.002568]], [[0.002431]], [[0.002061]], [[0.001565]], [[0.001065]], [[0.000649]], [[0.000354]]]], dtype=tf.float32)
            net = tf.nn.conv2d(inp, w, strides=[1, 1, 1, 1], padding='VALID')
        return net
    elif ((kernel==15)&(sigma==3.5)):
        with tf.variable_scope(name, reuse=True):
            pad = tf.constant([[0, 0], [7, 7], [7, 7], [0, 0]])
            inp = tf.pad(inp, pad, "SYMMETRIC")
            w = tf.constant([[[[0.000259]], [[0.000439]], [[0.000686]], [[0.000988]], [[0.001312]], [[0.001607]], [[0.001815]], [[0.001890]], [[0.001815]], [[0.001607]], [[0.001312]], [[0.000988]], [[0.000686]], [[0.000439]],  [[0.000259]]],
                             [[[0.000439]], [[0.000744]], [[0.001162]], [[0.001673]], [[0.002222]], [[0.002722]], [[0.003074]], [[0.003201]], [[0.003074]], [[0.002722]], [[0.002222]], [[0.001673]], [[0.001162]], [[0.000744]],  [[0.000439]]],
                             [[[0.000686]], [[0.001162]], [[0.001815]], [[0.002614]], [[0.003471]], [[0.004251]], [[0.004801]], [[0.005000]], [[0.004801]], [[0.004251]], [[0.003471]], [[0.002614]], [[0.001815]], [[0.001162]],  [[0.000686]]],
                             [[[0.000988]], [[0.001673]], [[0.002614]], [[0.003764]], [[0.005000]], [[0.006123]], [[0.006915]], [[0.007201]], [[0.006915]], [[0.006123]], [[0.005000]], [[0.003764]], [[0.002614]], [[0.001673]],  [[0.000988]]],
                             [[[0.001312]], [[0.002222]], [[0.003471]], [[0.005000]], [[0.006640]], [[0.008132]], [[0.009184]], [[0.009564]], [[0.009184]], [[0.008132]], [[0.006640]], [[0.005000]], [[0.003471]], [[0.002222]],  [[0.001312]]],
                             [[[0.001607]], [[0.002722]], [[0.004251]], [[0.006123]], [[0.008132]], [[0.009960]], [[0.011248]], [[0.011713]], [[0.011248]], [[0.009960]], [[0.008132]], [[0.006123]], [[0.004251]], [[0.002722]],  [[0.001607]]],
                             [[[0.001815]], [[0.003074]], [[0.004801]], [[0.006915]], [[0.009184]], [[0.011248]], [[0.012702]], [[0.013228]], [[0.012702]], [[0.011248]], [[0.009184]], [[0.006915]], [[0.004801]], [[0.003074]],  [[0.001815]]],
                             [[[0.001890]], [[0.003201]], [[0.005000]], [[0.007201]], [[0.009564]], [[0.011713]], [[0.013228]], [[0.013775]], [[0.013228]], [[0.011713]], [[0.009564]], [[0.007201]], [[0.005000]], [[0.003201]],  [[0.001890]]],
                             [[[0.001815]], [[0.003074]], [[0.004801]], [[0.006915]], [[0.009184]], [[0.011248]], [[0.012702]], [[0.013228]], [[0.012702]], [[0.011248]], [[0.009184]], [[0.006915]], [[0.004801]], [[0.003074]],  [[0.001815]]],
                             [[[0.001607]], [[0.002722]], [[0.004251]], [[0.006123]], [[0.008132]], [[0.009960]], [[0.011248]], [[0.011713]], [[0.011248]], [[0.009960]], [[0.008132]], [[0.006123]], [[0.004251]], [[0.002722]],  [[0.001607]]],
                             [[[0.001312]], [[0.002222]], [[0.003471]], [[0.005000]], [[0.006640]], [[0.008132]], [[0.009184]], [[0.009564]], [[0.009184]], [[0.008132]], [[0.006640]], [[0.005000]], [[0.003471]], [[0.002222]],  [[0.001312]]],
                             [[[0.000988]], [[0.001673]], [[0.002614]], [[0.003764]], [[0.005000]], [[0.006123]], [[0.006915]], [[0.007201]], [[0.006915]], [[0.006123]], [[0.005000]], [[0.003764]], [[0.002614]], [[0.001673]],  [[0.000988]]],
                             [[[0.000686]], [[0.001162]], [[0.001815]], [[0.002614]], [[0.003471]], [[0.004251]], [[0.004801]], [[0.005000]], [[0.004801]], [[0.004251]], [[0.003471]], [[0.002614]], [[0.001815]], [[0.001162]],  [[0.000686]]],
                             [[[0.000439]], [[0.000744]], [[0.001162]], [[0.001673]], [[0.002222]], [[0.002722]], [[0.003074]], [[0.003201]], [[0.003074]], [[0.002722]], [[0.002222]], [[0.001673]], [[0.001162]], [[0.000744]],  [[0.000439]]],
                             [[[0.000259]], [[0.000439]], [[0.000686]], [[0.000988]], [[0.001312]], [[0.001607]], [[0.001815]], [[0.001890]], [[0.001815]], [[0.001607]], [[0.001312]], [[0.000988]], [[0.000686]], [[0.000439]],  [[0.000259]]]], dtype=tf.float32)
            net = tf.nn.conv2d(inp, w, strides=[1, 1, 1, 1], padding='VALID')
        return net
    elif ((kernel==17)&(sigma==4)):
        with tf.variable_scope(name, reuse=True):
            pad = tf.constant([[0, 0], [8, 8], [8, 8], [0, 0]])
            inp = tf.pad(inp, pad, "SYMMETRIC")
            w = tf.constant([[[[0.000198]], [[0.000316]], [[0.000473]], [[0.000666]], [[0.000881]], [[0.001095]], [[0.001279]], [[0.001405]], [[0.001449]], [[0.001405]], [[0.001279]], [[0.001095]], [[0.000881]], [[0.000666]], [[0.000473]], [[0.000316]],  [[0.000198]]],
                             [[[0.000316]], [[0.000504]], [[0.000754]], [[0.001062]], [[0.001405]], [[0.001746]], [[0.002040]], [[0.002239]], [[0.002310]], [[0.002239]], [[0.002040]], [[0.001746]], [[0.001405]], [[0.001062]], [[0.000754]], [[0.000504]],  [[0.000316]]],
                             [[[0.000473]], [[0.000754]], [[0.001130]], [[0.001590]], [[0.002104]], [[0.002615]], [[0.003055]], [[0.003354]], [[0.003460]], [[0.003354]], [[0.003055]], [[0.002615]], [[0.002104]], [[0.001590]], [[0.001130]], [[0.000754]],  [[0.000473]]],
                             [[[0.000666]], [[0.001062]], [[0.001590]], [[0.002239]], [[0.002962]], [[0.003682]], [[0.004301]], [[0.004722]], [[0.004871]], [[0.004722]], [[0.004301]], [[0.003682]], [[0.002962]], [[0.002239]], [[0.001590]], [[0.001062]],  [[0.000666]]],
                             [[[0.000881]], [[0.001405]], [[0.002104]], [[0.002962]], [[0.003918]], [[0.004871]], [[0.005690]], [[0.006246]], [[0.006443]], [[0.006246]], [[0.005690]], [[0.004871]], [[0.003918]], [[0.002962]], [[0.002104]], [[0.001405]],  [[0.000881]]],
                             [[[0.001095]], [[0.001746]], [[0.002615]], [[0.003682]], [[0.004871]], [[0.006055]], [[0.007073]], [[0.007764]], [[0.008010]], [[0.007764]], [[0.007073]], [[0.006055]], [[0.004871]], [[0.003682]], [[0.002615]], [[0.001746]],  [[0.001095]]],
                             [[[0.001279]], [[0.002040]], [[0.003055]], [[0.004301]], [[0.005690]], [[0.007073]], [[0.008262]], [[0.009070]], [[0.009356]], [[0.009070]], [[0.008262]], [[0.007073]], [[0.005690]], [[0.004301]], [[0.003055]], [[0.002040]],  [[0.001279]]],
                             [[[0.001405]], [[0.002239]], [[0.003354]], [[0.004722]], [[0.006246]], [[0.007764]], [[0.009070]], [[0.009957]], [[0.010271]], [[0.009957]], [[0.009070]], [[0.007764]], [[0.006246]], [[0.004722]], [[0.003354]], [[0.002239]],  [[0.001405]]],
                             [[[0.001449]], [[0.002310]], [[0.003460]], [[0.004871]], [[0.006443]], [[0.008010]], [[0.009356]], [[0.010271]], [[0.010595]], [[0.010271]], [[0.009356]], [[0.008010]], [[0.006443]], [[0.004871]], [[0.003460]], [[0.002310]],  [[0.001449]]],
                             [[[0.001405]], [[0.002239]], [[0.003354]], [[0.004722]], [[0.006246]], [[0.007764]], [[0.009070]], [[0.009957]], [[0.010271]], [[0.009957]], [[0.009070]], [[0.007764]], [[0.006246]], [[0.004722]], [[0.003354]], [[0.002239]],  [[0.001405]]],
                             [[[0.001279]], [[0.002040]], [[0.003055]], [[0.004301]], [[0.005690]], [[0.007073]], [[0.008262]], [[0.009070]], [[0.009356]], [[0.009070]], [[0.008262]], [[0.007073]], [[0.005690]], [[0.004301]], [[0.003055]], [[0.002040]],  [[0.001279]]],
                             [[[0.001095]], [[0.001746]], [[0.002615]], [[0.003682]], [[0.004871]], [[0.006055]], [[0.007073]], [[0.007764]], [[0.008010]], [[0.007764]], [[0.007073]], [[0.006055]], [[0.004871]], [[0.003682]], [[0.002615]], [[0.001746]],  [[0.001095]]],
                             [[[0.000881]], [[0.001405]], [[0.002104]], [[0.002962]], [[0.003918]], [[0.004871]], [[0.005690]], [[0.006246]], [[0.006443]], [[0.006246]], [[0.005690]], [[0.004871]], [[0.003918]], [[0.002962]], [[0.002104]], [[0.001405]],  [[0.000881]]],
                             [[[0.000666]], [[0.001062]], [[0.001590]], [[0.002239]], [[0.002962]], [[0.003682]], [[0.004301]], [[0.004722]], [[0.004871]], [[0.004722]], [[0.004301]], [[0.003682]], [[0.002962]], [[0.002239]], [[0.001590]], [[0.001062]],  [[0.000666]]],
                             [[[0.000473]], [[0.000754]], [[0.001130]], [[0.001590]], [[0.002104]], [[0.002615]], [[0.003055]], [[0.003354]], [[0.003460]], [[0.003354]], [[0.003055]], [[0.002615]], [[0.002104]], [[0.001590]], [[0.001130]], [[0.000754]],  [[0.000473]]],
                             [[[0.000316]], [[0.000504]], [[0.000754]], [[0.001062]], [[0.001405]], [[0.001746]], [[0.002040]], [[0.002239]], [[0.002310]], [[0.002239]], [[0.002040]], [[0.001746]], [[0.001405]], [[0.001062]], [[0.000754]], [[0.000504]],  [[0.000316]]],
                             [[[0.000198]], [[0.000316]], [[0.000473]], [[0.000666]], [[0.000881]], [[0.001095]], [[0.001279]], [[0.001405]], [[0.001449]], [[0.001405]], [[0.001279]], [[0.001095]], [[0.000881]], [[0.000666]], [[0.000473]], [[0.000316]],  [[0.000198]]]], dtype=tf.float32)
            net = tf.nn.conv2d(inp, w, strides=[1, 1, 1, 1], padding='VALID')
        return net

## Num. 2
def Average_filtering(inp, kernel=5, name='Attack_2'):
    if (kernel==3):
        with tf.variable_scope(name, reuse=True):
            pad = tf.constant([[0, 0], [1, 1], [1, 1], [0, 0]])
            inp = tf.pad(inp, pad, "SYMMETRIC")
            w = tf.constant([[[[0.11111]], [[0.11111]], [[0.11111]]], 
                             [[[0.11111]], [[0.11111]], [[0.11111]]], 
                             [[[0.11111]], [[0.11111]], [[0.11111]]]], dtype=tf.float32)
            net = tf.nn.conv2d(inp, w, strides=[1, 1, 1, 1], padding='VALID')
        return net
    elif (kernel==5):
        with tf.variable_scope(name, reuse=True):
            pad = tf.constant([[0, 0], [2, 2], [2, 2], [0, 0]])
            inp = tf.pad(inp, pad, "SYMMETRIC")
            w = tf.constant([[[[0.04]], [[0.04]], [[0.04]], [[0.04]], [[0.04]]],
                             [[[0.04]], [[0.04]], [[0.04]], [[0.04]], [[0.04]]],
                             [[[0.04]], [[0.04]], [[0.04]], [[0.04]], [[0.04]]], 
                             [[[0.04]], [[0.04]], [[0.04]], [[0.04]], [[0.04]]], 
                             [[[0.04]], [[0.04]], [[0.04]], [[0.04]], [[0.04]]]], dtype=tf.float32)
            net = tf.nn.conv2d(inp, w, strides=[1, 1, 1, 1], padding='VALID')
        return net

def Average_filtering_test(inp, kernel=5, name='Attack_2'):
    if (kernel==3):
        with tf.variable_scope(name, reuse=True):
            pad = tf.constant([[0, 0], [1, 1], [1, 1], [0, 0]])
            inp = tf.pad(inp, pad, "SYMMETRIC")
            w = tf.constant([[[[0.11111]], [[0.11111]], [[0.11111]]], 
                             [[[0.11111]], [[0.11111]], [[0.11111]]], 
                             [[[0.11111]], [[0.11111]], [[0.11111]]]], dtype=tf.float32)
            net = tf.nn.conv2d(inp, w, strides=[1, 1, 1, 1], padding='VALID')
        return net
    elif (kernel==5):
        with tf.variable_scope(name, reuse=True):
            pad = tf.constant([[0, 0], [2, 2], [2, 2], [0, 0]])
            inp = tf.pad(inp, pad, "SYMMETRIC")
            w = tf.constant([[[[0.04]], [[0.04]], [[0.04]], [[0.04]], [[0.04]]],
                             [[[0.04]], [[0.04]], [[0.04]], [[0.04]], [[0.04]]],
